1 0.5848743200014004 0.4206417031946456 0.10369855258464736 0.10615963037027107
1 0.8243056752375726 0.5058875281975338 0.171926385888257 0.17373760637773863
1 0.2374988461599689 0.6827520218140188 0.2310818420231328 0.19245741694892543
1 0.15708848220427388 0.5159552958065515 0.12475076310157673 0.1274336229879534
1 0.17633495595653528 0.3848554483237759 0.16186706134875517 0.12935660822331796
1 0.2538320174167531 0.28387866233497694 0.0894718946969502 0.09041446862514961
1 0.09386861831545644 0.22008697323909826 0.06159413155078839 0.06361164513490661
1 0.5812173068998236 0.30950886586255677 0.056331078921556 0.05829314698048602
1 0.8070667893493153 0.3529728609156739 0.10496042979796698 0.06637596124283193
1 0.9045251883391494 0.6273266687184919 0.10024523680925305 0.07803463037027107
1 0.877328749665612 0.7750281035333562 0.16334648238261415 0.16643594278703766