1 0.5117309894033232 0.6979372942855391 0.13600927759440165 0.056146656246222726
1 0.7359739728065837 0.690007296485111 0.15968542116548737 0.16403890992224887
1 0.2012017667972322 0.3377109529347772 0.19342180373891082 0.20013591727430127
1 0.1192744927273155 0.473207448708858 0.1075775468904335 0.11051042352656762
1 0.132044412018703 0.606057466539096 0.16056083693238982 0.13467986065745413
1 0.20002297218188375 0.7273857595516244 0.08634116431701004 0.0757272191153362
1 0.04951348670403083 0.7391280996293755 0.056913773445216774 0.05558366249848916
1 0.5028985958322376 0.8041051816017377 0.0537887734452168 0.05525521176328389
1 0.713421698736667 0.8317443562280914 0.07395956348717299 0.07597591617451513
1 0.8153673201119357 0.5983429133948316 0.08740675684847724 0.0897897191153362
1 0.795365241277423 0.44662090604277915 0.16896533278320494 0.14331348749546713